32.4
84.0
29.9
45.8
72.5
70.9
21.2
49.3
33.7
9.2
46.3
63.6
41.2
63.7
12.2
20.0
25.9
61.1
88.5
35.6
66.3
37.8
53.0
19.3
41.1
64.3
80.6
87.2
79.5
14.8
63.1
6.3
10.9
8.8
38.6
1.2
62.3
46.3
9.0
7.1
23.3
98.7
75.3
91.3
68.7
83.1
57.0
62.8
53.7
5.2
89.6
85.1
95.3
15.7
82.1
4.3
0.5
18.7
16.5
15.1
10.5
40.2
8.0
51.0
79.8
30.3
21.2
29.6
44.6
53.8
30.0
33.1
56.8
14.6
0.3
50.6
96.7
88.2
31.7
55.8
34.7
55.0
72.1
58.2
50.7
87.3
68.8
27.2
77.7
52.4
17.2
77.9
1.0
26.9
74.6
8.1
24.5
83.2
9.1
16.6
27.0
62.1
23.0
2.3
95.9
59.4
51.1
67.2
27.5
47.2
48.4
6.8
62.7
36.2
66.5
76.4
47.7
34.0
61.4
1.1
34.1
91.2
4.8
88.7
45.4
74.4
91.4
73.4
89.9
48.9
57.5
3.7
36.9
31.6
74.4
81.1
67.4
26.4
43.1
99.5
18.7
25.7
44.7
44.7
14.7
55.5
92.7
27.5
53.3
89.5
1.9
83.7
13.4
98.0
4.3
9.7
14.9
35.6
41.7
75.6
8.8
12.9
47.6
8.5
66.4
6.1
41.9
57.7
13.8
51.4
83.8
91.5
22.9
5.6
42.3
93.5
0.8
56.1
54.8
7.2
46.9
53.1
55.1
71.9
7.4
86.5
35.3
0.8
29.4
27.1
82.2
51.0
10.1
11.6
53.9
45.1
55.3
46.7
52.2
52.8
77.9
54.4
71.4
81.2
87.7
38.1
37.9
2.6
28.4
58.5
30.6
44.9
63.0
52.9
87.3
25.0
92.1
61.3
16.8
10.9
78.0
28.2
5.6
55.0
49.2
4.1
41.6
15.2
75.2
12.7
58.4
91.6
79.3
56.9
55.6
24.6
60.1
65.0
68.3
89.1
36.3
57.6
73.7
18.3
72.8
76.8
78.0
44.4
50.0
29.3
31.1
59.0
66.6
20.0
93.8
75.3
99.0
21.1
17.9
44.5
3.3
93.2
36.4
60.8
60.1
18.0
10.6
85.7
65.6
65.5
15.7
92.1
33.3
79.3
38.8
67.8
35.1
72.4
61.3
2.3
33.2
80.2
51.4
0.3
99.7
46.1
20.3
47.5
14.3
11.6
69.0
56.0
32.7
79.6
53.8
90.7
37.0
62.7
27.3
26.4
59.6
28.2
2.5
37.5
14.2
93.6
60.2
89.0
21.1
57.4
60.3
58.6
95.8
13.6
51.2
30.9
70.2
37.7
77.2
13.8
97.0
34.6
89.9
58.3
43.7
3.2
44.0
39.2
24.1
82.1
84.9
22.2
83.6
71.9
61.3
73.2
61.2
24.3
50.4
61.1
82.8
88.5
20.7
69.4
2.9
16.3
70.5
64.5
54.2
28.3
16.0
98.8
2.2
75.3
45.2
70.6
66.2
19.2
93.8
92.1
54.9
52.2
61.5
26.5
39.3
43.7
60.8
96.5
96.2
34.6
56.0
87.9
9.9
31.8
45.2
62.7
7.4
37.2
30.7
91.1
5.8
45.9
2.0
82.1
88.1
7.2
12.2
95.1
50.6
47.1
20.5
8.5
22.2
98.9
66.5
86.4
79.2
73.0
92.3
76.2
87.8
2.4
2.8
90.9
36.2
86.1
50.6
30.6
9.2
97.4
51.0
92.2
74.9
11.0
27.4
30.1
14.1
80.1
32.9
60.5
39.7
86.1
25.9
67.1
49.4
4.0
66.3
93.7
52.9
64.3
55.9
88.7
20.5
22.4
71.8
64.7
71.3
85.5
31.7
84.9
66.8
2.2
88.7
47.1
90.9
27.5
17.7
34.4
93.9
69.6
43.3
10.3
35.6
31.6
50.6
40.8
97.9
18.9
62.1
37.2
33.1
68.3
77.4
91.2
63.6
54.9
59.8
22.6
50.6
5.4
3.8
60.9
27.0
55.1
66.0
50.4
52.0
21.3
77.8
79.1
63.7
33.3
6.4
17.4
24.8
14.1
40.6
46.3
47.4
44.1
82.6
85.8
68.8
52.3
40.0
49.9
17.2
88.0
64.8
43.5
63.2
30.8
53.1
65.3
38.8
60.1
55.2
41.7
3.8
43.8
10.2
33.9
11.3
86.2
56.5
47.7
7.5
87.5
50.8
44.6
85.0
43.9
28.9
69.9
87.9
52.8
16.9
59.4
53.4
89.4
39.1
31.7
63.6
87.1
37.7
62.0
32.3
34.2
15.4
67.4
60.6
29.2
23.2
33.5
86.0
56.4
58.6
15.5
46.5
85.1
8.7
38.2
92.1
6.2
80.1
74.7
16.4
54.0
67.4
3.4
70.2
98.6
10.2
35.0
83.8
31.6
10.2
39.9
15.7
46.5
43.4
63.8
43.6
90.3
66.3
4.5
5.5
41.1
0.6
33.7
1.6
88.1
71.3
76.2
90.3
83.3
57.7
5.4
64.2
14.8
3.8
69.4
79.2
99.0
4.1
11.4
93.9
29.9
20.5
76.0
78.3
37.9
71.0
62.1
78.6
8.2
39.6
81.5
67.3
75.1
74.8
15.6
68.1
11.3
7.5
24.3
88.3
95.6
46.2
33.8
31.3
11.2
58.4
72.5
27.5
92.9
95.5
9.0
29.1
49.3
37.4
45.5
49.8
87.1
77.9
55.3
29.5
43.7
18.9
11.5
86.4
56.8
96.0
39.9
46.6
85.6
12.1
84.7
30.2
53.2
47.3
83.2
43.0
95.8
13.2
78.0
99.8
89.1
45.3
58.2
51.8
58.0
90.7
45.9
61.7
38.4
77.0
8.8
8.1
73.4
71.2
7.7
20.9
80.2
20.7
62.2
83.2
45.4
31.6
58.5
82.0
8.6
31.2
89.5
0.4
52.3
38.7
47.5
91.0
32.3
82.4
6.1
68.5
76.7
3.3
39.8
8.3
42.6
22.9
75.2
79.9
92.7
65.1
90.4
70.3
84.0
73.8
41.4
22.3
60.3
38.9
15.7
39.6
24.1
48.0
34.2
75.6
22.5
27.8
8.9
32.1
42.2
64.4
58.4
94.2
22.1
43.4
84.6
69.6
38.4
11.0
64.2
22.3
81.7
58.0
87.7
14.1
65.0
0.6
27.7
0.3
78.7
77.2
76.1
48.2
83.3
42.7
6.7
10.1
38.2
86.1
43.6
48.9
72.6
95.8
4.6
60.2
88.6
34.7
22.2
63.2
13.0
9.8
12.5
2.2
81.3
75.8
60.7
2.4
81.7
22.7
89.5
36.5
39.0
70.3
85.4
13.7
99.5
2.2
50.2
50.9
2.6
58.9
17.1
37.2
52.6
12.3
41.0
53.1
17.2
39.2
2.8
8.9
43.8
98.9
70.7
70.2
91.3
4.7
39.6
57.8
87.5
40.4
16.3
79.3
64.1
56.5
97.7
89.4
64.4
93.3
70.4
8.7
18.1
45.3
91.1
85.3
39.1
84.7
82.5
23.2
67.6
55.4
97.8
2.3
40.6
95.9
37.5
29.6
75.9
48.3
37.1
2.3
67.6
65.5
13.9
54.9
43.9
26.5
57.9
96.9
13.1
84.1
45.4
15.9
8.2
7.1
95.8
55.3
55.6
7.5
78.2
44.2
82.3
22.8
0.8
61.0
62.8
15.5
66.6
58.4
66.7
90.2
25.4
86.0
0.9
44.2
14.1
11.8
8.8
77.3
7.8
23.2
77.1
67.8
8.0
55.8
71.3
66.0
60.2
40.0
39.2
30.9
12.6
13.7
17.4
94.6
70.2
48.4
96.2
39.9
24.1
69.7
85.8
75.2
10.1
73.7
77.4
28.8
52.6
20.6
13.1
18.9
90.8
14.6
43.4
28.9
31.6
58.0
67.2
26.1
69.3
18.4
27.6
66.9
38.1
70.7
35.4
33.6
77.7
96.6
38.5
52.8
48.5
51.8
92.8
54.8
23.7
68.5
95.1
50.7
24.4
96.6
91.4
44.4
37.5
91.1
93.8
79.2
41.4
71.8
87.7
28.5
19.1
41.0
38.1
65.7
32.1
7.0
55.6
65.1
45.0
75.5
13.9
73.4
27.6
87.0
15.1
21.0
16.1
63.9
97.8
43.2
93.6
81.8
99.0
34.0
34.4
23.9
41.9
44.9
55.7
47.4
54.3
42.8
57.3
31.2
51.7
81.2
27.3
2.8
80.0
88.9
68.9
4.7
94.4
21.2
46.1
50.7
10.3
89.4
72.9
69.2
75.3
64.0
43.2
28.6
65.5
8.0
93.3
